Nome	Idade	Pos1	Pos2	Overall	Close Shot	Mid-range	3PT	FT	Interior Def	Perimeter Def	Off Reb	Def Reb	Ast	Stl	Blk	Layup	Standing Dunk	Driving Dunk	Speed	Strength	Stamina	Durability	Off Consistency	Def Consistency	Draw Foul	2025-26	2026-27	2027-28	2028-29	2029-30	2030-31
Shai Gilgeous-Alexander	27	PG	SG	98	97	97	82	90	69	86	38	56	93	90	70	97	40	75	86	62	98	80	98	85	98	  38 333 050	  40 806 150	-	-	-	-
Luka Doncic	26	PG	SG	97	97	88	86	80	58	59	58	84	93	76	51	96	65	75	84	72	90	85	98	45	92	  45 999 660	  48 967 380	-	-	-	-
Stephen Curry	37	PG	SG	95	93	97	99	94	30	69	33	58	87	73	51	94	25	36	84	48	98	86	98	65	78	  59 606 817	-	-	-	-	-
Jalen Brunson	29	PG		93	97	87	86	83	55	73	32	45	90	41	32	98	40	35	84	60	98	81	95	75	98	  24 960 001	-	-	-	-	-
Tyrese Haliburton	25	PG	SG	93	98	91	84	86	60	77	35	49	92	63	56	94	40	65	83	59	95	80	80	75	62	  36 750 000	  38 587 500	  40 516 875	  42 542 719	-	-
Devin Booker	28	PG	SG	92	96	97	86	89	58	75	40	47	83	40	37	95	30	75	83	59	95	81	98	65	87	  52 787 700	  56 697 900	  60 608 100	-	-	-
Cade Cunningham	24	PG	SG	92	94	85	83	86	59	75	37	67	88	42	60	94	40	75	83	62	94	80	98	75	88	  47 500 000	  52 250 000	  57 475 000	  63 222 500	  69 544 750	-
Ja Morant	26	PG		89	88	88	74	83	49	72	31	53	89	46	42	95	25	96	95	52	97	80	90	75	90	  38 570 000	  41 230 000	  43 890 000	-	-	-
Tyrese Maxey	24	PG	SG	89	91	84	87	88	54	79	29	49	84	70	57	94	25	70	90	44	98	77	95	65	84	  34 650 000	  36 382 500	  38 201 625	  40 111 706	-	-
James Harden	36	PG	SG	89	84	84	83	87	62	70	36	65	88	63	60	94	35	75	85	71	98	95	90	65	94	  30 495 000	-	-	-	-	-
Damian Lillard	35	PG		88	82	95	86	93	31	69	33	54	84	46	37	85	25	85	87	63	97	98	90	60	62	  58 545 211	  63 228 828	-	-	-	-
Trae Young	27	PG		88	90	84	83	87	31	55	32	46	91	43	35	94	25	30	84	50	95	86	95	30	94	  45 999 660	  48 967 380	-	-	-	-
LaMelo Ball	24	PG	SG	88	86	84	80	84	45	70	41	59	90	53	45	86	45	75	84	50	93	82	90	75	82	  53 666 444	  59 033 088	  64 936 397	  71 430 037	-	-
Darius Garland	25	PG	SG	87	96	85	86	88	31	71	36	44	88	56	35	90	25	40	88	40	95	80	80	50	74	  38 570 000	  41 230 000	  43 890 000	-	-	-
Jamal Murray	28	PG	SG	87	94	91	85	89	35	77	35	47	82	56	51	93	30	82	80	54	95	78	80	70	78	  32 955 029	  34 602 780	  36 332 919	  38 149 565	-	-
De’Aaron Fox	27	PG		85	97	83	73	83	34	84	38	54	83	63	51	97	25	80	97	46	96	80	90	80	78	  37 096 620	-	-	-	-	-
Coby White	25	PG	SG	83	91	61	81	91	49	64	30	50	81	41	37	90	30	65	85	56	90	80	90	55	84	  30 455 700	  33 501 270	  36 851 397	-	-	-
Jrue Holiday	35	PG	SG	82	86	89	80	90	66	90	47	52	79	80	53	85	25	65	79	49	80	80	50	90	40	  15 000 001	-	-	-	-	-
Jalen Suggs	24	PG	SG	82	82	79	79	88	55	91	37	62	79	76	72	82	40	80	88	59	88	80	65	85	55	  17 000 000	  18 700 000	  20 570 000	  22 627 000	  24 889 700	-
Dyson Daniels	22	PG	SG	82	84	68	77	59	67	94	51	61	75	98	58	80	25	75	79	52	89	80	50	90	51	  7 707 709	-	-	-	-	-
Keyonte George	21	PG	SG	82	87	69	78	84	34	65	32	53	84	38	35	87	40	65	79	55	84	80	80	50	80	  4 990 560	  7 131 510	-	-	-	-
Russell Westbrook	36	PG		81	81	72	76	64	42	74	53	60	82	73	56	87	30	80	89	75	92	92	80	70	65	  9 214 632	-	-	-	-	-
Fred VanVleet	31	PG		80	75	82	78	81	27	80	33	49	82	66	51	70	25	35	83	42	95	82	60	80	55	  27 001 001	  29 701 101	  32 671 211	-	-	-
Jordan Poole	26	PG	SG	80	80	68	81	88	47	57	33	47	81	63	51	88	45	60	81	61	80	80	80	30	78	  33 098 215	  35 294 642	-	-	-	-
Payton Pritchard	27	PG		80	97	80	85	85	36	60	50	48	78	43	40	85	25	35	75	41	84	81	80	35	57	  27 000 000	  29 160 000	  31 492 800	  34 012 224	-	-
T.J. McConnell	33	PG		80	96	94	75	74	49	82	42	55	82	90	52	76	25	25	76	44	85	83	75	80	40	  6 050 000	-	-	-	-	-
C.J. McCollum	33	PG	SG	79	78	77	83	72	35	70	36	50	75	40	52	80	30	40	82	60	98	80	75	65	52	  30 666 666	-	-	-	-	-
Dennis Schroder	32	PG	SG	79	84	89	77	84	34	73	31	48	82	46	40	84	25	45	84	46	93	80	80	60	40	  1 279 789	-	-	-	-	-
Immanuel Quickley	26	PG	SG	79	80	87	80	86	37	80	34	55	78	40	35	80	40	55	82	54	89	79	70	75	60	  18 190 000	  19 463 300	  20 825 731	  22 283 532	-	-
Ty Jerome	28	PG	SG	79	98	94	86	89	32	56	45	48	79	86	27	88	40	45	69	46	85	80	90	35	48	  12 600 000	  13 230 000	  13 891 500	-	-	-
Anthony Black	21	PG	SG	79	82	78	79	75	63	84	40	52	77	66	66	85	35	75	75	58	92	80	50	80	64	  3 861 600	  5 939 141	-	-	-	-
Cason Wallace	21	PG	SG	79	90	72	80	83	72	89	46	47	69	96	58	85	25	70	75	55	90	80	45	90	37	  10 748 040	  13 585 523	-	-	-	-
Ryan Rollins	23	PG	SG	79	80	74	84	84	43	68	46	53	78	82	61	82	25	65	86	39	85	80	75	60	79	  9 012 111	  9 913 322	  10 904 654	  11 995 119	  13 194 631	-
Marcus Smart	31	PG	SG	78	80	87	78	80	74	89	38	45	74	83	51	70	25	50	75	73	89	83	30	90	27	  5 630 081	  6 193 089	  6 812 398	-	-	-
D’Angelo Russell	29	PG		78	94	67	75	84	40	57	32	52	84	56	55	88	25	45	81	54	93	83	70	45	88	  24 494 400	  26 453 952	-	-	-	-
Scoot Henderson	21	PG	SG	78	76	77	77	77	41	66	40	47	81	56	42	83	35	88	90	53	95	80	75	50	40	  3 812 484	  4 193 732	  4 613 105	  5 074 416	  5 581 858	-
Tre Jones	25	PG		78	96	76	79	81	34	73	43	47	82	84	47	86	25	35	80	60	85	81	70	60	52	  10 890 000	  11 979 000	  13 176 900	-	-	-
Cole Anthony	25	PG	SG	78	87	79	79	82	45	69	46	65	79	56	61	79	40	85	84	59	88	98	75	45	62	  3 507 570	  3 858 327	  4 244 160	  4 668 576	-	-
Isaiah Collier	20	PG	SG	78	88	57	73	67	30	62	34	54	86	49	45	87	30	75	95	60	89	80	70	55	50	  2 700 000	  2 430 000	  2 187 000	  1 968 300	-	-
Jeremiah Fears	18	PG	SG	78	88	82	74	85	38	62	30	48	80	78	29	76	40	70	94	49	85	80	70	60	78	  6 332 520	  6 649 560	  6 966 000	  8 874 684	-	-
Mike Conley	37	PG		77	70	70	85	91	31	83	35	47	82	70	42	72	25	30	83	40	85	82	40	80	60	  2 657 761	-	-	-	-	-
Lonzo Ball	27	PG		77	55	68	77	82	60	81	41	56	81	80	58	70	30	75	85	52	93	80	60	75	50	  4 400 000	  4 840 000	-	-	-	-
Ben Simmons	29	PG	C	77	91	46	50	73	79	82	47	77	82	49	60	80	83	86	87	80	80	83	40	80	60	  11 025 000	  11 576 250	-	-	-	-
Davion Mitchell	27	PG	SG	77	86	40	84	67	44	87	34	42	78	49	42	79	25	40	82	60	90	80	50	85	30	  8 420 498	  9 262 548	  10 188 803	  11 207 683	-	-
Chris Paul	40	PG		76	79	88	80	94	57	73	32	56	83	66	45	79	25	27	76	62	70	77	40	65	40	  2 950 000	-	-	-	-	-
Miles McBride	25	PG	SG	76	80	96	81	82	40	81	41	45	73	56	47	80	25	65	86	44	85	80	65	75	55	  7 898 689	  8 688 558	  9 557 414	  10 513 155	-	-
Scotty Pippen Jr.	24	PG		76	88	57	83	71	31	62	45	56	82	90	56	82	25	65	82	39	82	80	75	50	50	  16 486 568	  18 135 225	  19 948 748	  21 943 623	-	-
Bruce Brown Jr.	29	PG	SG	76	74	60	75	85	58	77	48	63	74	53	51	72	30	70	78	75	92	84	70	65	60	  4 304 070	  4 734 477	  5 207 925	-	-	-
Spencer Dinwiddie	32	PG	SG	76	86	90	77	81	42	74	30	48	84	46	42	83	35	55	82	45	95	77	50	70	50	  4 773 143	  5 250 457	-	-	-	-
Kevin Porter Jr.	25	PG	SG	76	88	85	78	74	44	69	40	69	80	73	47	85	40	80	85	52	88	80	60	40	84	  5 753 183	  6 328 501	  6 961 351	  7 657 486	  8 423 235	-
Bub Carrington	20	PG	SG	76	77	92	79	83	40	55	32	58	78	38	42	75	35	60	82	54	89	80	60	35	57	  5 455 560	  5 715 360	  7 584 283	-	-	-
Reed Sheppard	21	PG	SG	76	64	72	83	84	54	78	40	41	78	63	66	70	25	70	90	56	93	80	70	70	62	  4 923 720	  5 158 080	  7 370 897	-	-	-
Collin Gillespie	26	PG		76	86	82	85	87	33	62	52	56	79	73	50	74	40	54	82	33	85	80	70	55	47	  4 204 180	  4 624 598	  5 087 058	  5 595 764	  6 155 340	-
Jose Alvarado	27	PG	SG	75	70	78	77	80	31	85	35	47	68	90	50	70	25	30	76	42	80	80	40	85	40	  2 048 494	-	-	-	-	-
Kyle Lowry	39	PG	SG	75	90	85	75	82	60	80	34	48	77	76	56	70	25	25	84	67	96	79	45	80	45	  2 048 494	-	-	-	-	-
Cameron Payne	31	PG		75	89	71	80	89	31	60	33	48	77	53	53	83	25	25	75	39	82	84	60	40	55	  2 048 494	-	-	-	-	-
Tyus Jones	29	PG		74	93	71	76	89	30	67	36	43	80	43	32	89	25	30	71	34	92	84	40	50	70	  18 786 951	  20 289 907	  21 913 100	-	-	-
Terry Rozier III	31	PG	SG	74	85	80	72	86	55	75	40	57	77	37	51	84	40	75	82	62	98	82	50	50	85	  10 560 122	  11 616 134	-	-	-	-
Marcus Sasser	25	PG	SG	74	95	72	82	84	35	70	37	42	75	66	37	78	25	50	75	47	85	80	60	65	47	  2 048 494	-	-	-	-	-
Shake Milton	29	PG	SG	74	88	91	81	80	30	65	42	49	78	42	35	78	30	60	77	38	88	83	60	40	50	  2 048 494	-	-	-	-	-
Gabe Vincent	29	PG	SG	74	93	94	81	78	37	60	33	37	69	46	45	80	25	45	73	40	85	82	60	45	37	  5 512 500	  5 788 125	-	-	-	-
Devin Carter	23	PG	SF	74	83	67	75	61	58	73	51	69	79	80	55	74	30	80	98	60	92	80	65	50	40	  2 674 080	  2 801 640	  5 054 159	-	-	-
Jamal Shead	23	PG	SG	74	85	73	78	75	34	77	35	41	83	56	42	74	25	50	97	49	88	80	40	50	40	  2 270 735	  2 461 462	-	-	-	-
Monte Morris	30	PG		73	83	89	72	85	44	62	36	49	85	43	40	79	25	50	83	41	85	81	35	35	37	  2 159 323	  2 375 255	  2 612 781	-	-	-
Reggie Jackson	35	PG	SG	73	73	77	81	72	49	74	34	51	79	66	53	79	25	65	84	48	95	84	50	70	44	  1 272 870	-	-	-	-	-
Bones Hyland	25	PG	SG	73	84	79	81	89	30	66	37	47	75	82	62	80	25	60	87	32	88	80	55	55	41	  1 288 000	  1 416 800	-	-	-	-
Aaron Holiday	29	PG	SG	73	92	89	83	83	34	68	33	47	75	43	50	70	25	60	76	49	85	84	50	45	47	  1 272 870	-	-	-	-	-
Rob Dillingham	20	PG	SG	73	87	60	76	73	34	63	38	44	79	56	25	77	30	75	91	39	90	80	50	50	45	  4 221 360	  4 422 600	  6 784 268	-	-	-
Delon Wright	33	PG	SG	73	60	68	70	55	49	84	48	42	74	83	58	74	25	60	73	58	90	84	35	80	40	  1 272 870	-	-	-	-	-
Craig Porter	25	PG		73	81	86	83	69	44	68	41	51	73	78	76	79	30	50	79	48	88	80	50	60	60	  1 272 870	-	-	-	-	-
Jevon Carter	30	PG	SG	73	92	89	80	82	34	79	31	38	73	53	56	75	25	35	76	60	85	81	60	70	40	  1 272 870	-	-	-	-	-
Jaden Hardy	23	PG	SG	73	86	66	84	67	34	55	31	48	72	43	37	80	40	80	83	39	84	80	70	50	46	-	-	-	-	-	-
Blake Wesley	22	PG	SG	73	79	60	71	64	49	73	39	42	73	86	40	79	40	86	78	40	92	80	55	60	59	  1 272 870	-	-	-	-	-
Nick Smith Jr.	21	PG	SG	73	87	81	77	91	33	63	30	46	73	32	37	82	40	80	84	48	89	80	65	40	41	-	-	-	-	-	-
Dru Smith	27	PG	SG	73	77	74	82	84	40	63	50	49	76	84	62	79	40	45	70	43	85	80	60	50	60	-	-	-	-	-	-
Brandon Williams	25	PG	SG	73	88	91	80	85	33	62	38	49	76	73	40	82	25	50	79	62	89	81	55	45	51	  1 275 000	  1 147 500	  1 032 750	   929 475	   836 528	-
Walter Clayton Jr.	22	PG		73	86	82	82	88	40	64	38	50	77	42	40	79	40	60	86	47	80	80	55	45	85	  4 201 080	  4 411 200	  4 621 200	  7 098 163	-	-
Jordan McLaughlin	29	PG		72	73	74	86	75	25	73	35	53	76	86	25	84	25	65	72	52	80	83	55	60	49	  1 272 870	-	-	-	-	-
Jared Butler	25	PG		72	85	83	79	82	30	60	36	47	80	53	51	74	25	65	80	50	83	80	60	50	60	-	-	-	-	-	-
Devonte’ Graham	30	PG	SG	72	74	76	72	75	30	70	33	52	81	42	37	80	25	60	82	34	95	83	50	55	66	  2 200 000	  2 420 000	-	-	-	-
Cory Joseph	34	PG	SG	72	83	87	80	79	54	75	39	52	76	59	42	79	25	30	72	40	88	84	40	65	55	-	-	-	-	-	-
Nikola Topic	20	PG	SG	72	81	69	72	87	45	63	32	47	81	44	47	81	40	65	79	59	85	80	60	45	55	  3 809 520	  3 991 200	  6 138 466	-	-	-
KJ Simpson	23	PG		72	70	53	68	81	42	64	50	46	78	56	45	78	25	50	76	52	85	80	65	40	50	-	-	-	-	-	-
Markelle Fultz	27	PG	SG	71	81	69	67	78	50	75	44	44	73	86	40	81	30	75	79	56	92	80	40	40	79	  3 532 343	  3 885 577	  4 274 135	  4 701 549	-	-
Tyler Kolek	24	PG	SG	71	79	79	78	83	32	73	37	42	76	63	52	79	25	45	74	54	90	80	35	50	45	  3 638 160	  3 811 800	  5 870 172	-	-	-
Kobe Bufkin	22	PG	SG	71	80	79	70	72	48	64	46	61	77	38	56	80	30	75	86	40	95	80	55	40	40	-	-	-	-	-	-
Jaylen Nowell	26	PG	SG	70	86	85	71	78	29	60	47	52	69	28	52	84	25	65	81	39	85	80	50	40	79	  2 659 859	  2 925 845	  3 218 430	-	-	-
Vasilije Micic	31	PG	SG	70	52	67	76	83	35	63	38	48	80	38	25	76	25	40	75	44	88	82	40	40	37	  1 425 000	  1 425 000	  1 425 000	-	-	-
Jase Richardson	19	PG	SG	70	77	79	83	84	33	67	30	44	72	67	37	76	40	75	81	57	85	80	45	55	54	  3 811 560	  4 002 000	  4 193 040	  6 457 282	-	-
Nolan Traore	19	PG		70	76	69	73	71	44	60	37	44	80	54	40	76	30	70	85	56	92	80	50	40	55	  2 296 274	  2 497 812	  2 707 612	-	-	-
Javon Small	22	PG		69	75	76	76	88	44	64	30	39	75	70	25	75	35	80	87	49	85	80	40	40	50	-	-	-	-	-	-
Tyrese Proctor	21	PG	SG	69	78	79	79	69	42	60	30	47	74	48	27	77	35	65	82	51	85	80	50	45	37	-	-	-	-	-	-
Ryan Nembhard	22	PG		68	72	73	77	77	31	66	38	40	81	78	27	73	25	30	80	37	85	80	40	45	35	  1 275 000	  1 147 500	  1 032 750	   929 475	   836 528	-
Max Shulga	23	PG	SG	68	74	77	80	78	42	60	41	47	71	75	28	74	30	45	75	52	80	80	50	50	55	  1 272 870	  2 411 090	  2 707 612	-	-	-
Tamar Bates	22	PG	SG	68	76	77	82	92	44	60	45	47	55	57	30	70	40	65	70	54	85	80	50	50	40	-	-	-	-	-	-
Mark Sears	23	PG		68	78	83	79	84	31	60	30	37	77	50	30	76	25	30	79	40	85	80	55	40	45	-	-	-	-	-	-
Anthony Edwards	24	SG	SF	95	92	79	87	84	59	87	36	63	80	43	56	96	50	97	91	62	97	83	98	85	95	  51 700 000	  56 870 000	  62 557 000	  68 812 700	-	-
Donovan Mitchell	29	SG	PG	93	95	82	85	82	68	75	39	56	83	59	42	95	50	92	95	60	96	80	95	75	90	  37 096 620	-	-	-	-	-
Kyrie Irving	33	SG	PG	90	91	98	86	92	32	67	43	51	83	53	51	97	25	30	85	37	89	80	95	55	75	  33 411 524	-	-	-	-	-
Austin Reaves	27	SG	PG	88	94	82	84	90	35	66	38	53	84	46	45	94	25	70	83	44	94	80	95	55	89	  2 131 423	  2 365 880	  2 626 127	-	-	-
Amen Thompson	22	SG	SF	87	93	70	69	69	78	93	67	70	80	80	78	90	60	96	95	59	95	80	65	95	44	  5 820 240	  7 420 806	-	-	-	-
Tyler Herro	25	SG	PG	86	97	92	84	86	46	69	32	62	79	41	40	92	30	60	79	59	85	80	95	50	82	  31 000 000	  33 000 000	-	-	-	-
Zach LaVine	30	SG	SF	86	94	82	87	82	47	61	30	56	80	38	35	92	60	94	84	49	98	83	95	40	80	  38 225 000	  42 047 500	  46 252 250	-	-	-
Norman Powell	32	SG	SF	85	89	84	87	82	50	79	31	49	69	56	37	87	25	80	79	46	92	82	90	75	65	  20 482 758	-	-	-	-	-
Josh Giddey	22	SG	PG	85	94	54	81	78	50	62	57	79	87	53	57	94	45	65	79	60	88	80	90	45	89	  16 000 000	  17 600 000	  19 360 000	  21 296 000	  23 425 600	-
Derrick White	31	SG	PG	84	87	79	81	85	58	91	38	54	82	80	67	87	40	55	88	46	85	81	75	95	83	  33 312 143	  36 643 357	  40 307 693	-	-	-
Stephon Castle	20	SG	PG	84	89	79	78	72	64	83	47	50	79	80	45	88	40	88	82	59	90	80	80	80	75	  10 603 560	  11 108 880	  14 041 625	-	-	-
Jalen Green	23	SG	PG	83	81	74	82	83	45	64	33	59	78	41	47	85	40	91	88	55	88	80	85	55	70	  25 600 000	  28 160 000	  30 976 000	  34 073 600	  37 480 960	-
Dejounte Murray	29	SG	PG	81	85	71	79	82	53	83	33	77	83	87	51	90	40	75	83	40	90	80	75	80	61	  24 915 000	  27 406 500	  30 147 150	-	-	-
Cameron Thomas	23	SG	SF	81	92	95	82	88	41	59	31	51	66	37	30	89	50	75	77	54	86	80	95	40	70	  14 221 001	  15 643 101	  17 207 411	  18 928 152	  20 820 967	-
Devin Vassell	25	SG	SF	81	87	90	81	80	62	80	34	55	71	59	55	82	40	60	72	60	89	82	75	80	44	  16 800 000	  17 640 000	  18 522 000	  19 448 100	-	-
Desmond Bane	27	SG	SF	81	84	95	85	88	59	79	40	47	73	40	45	77	35	75	74	56	92	78	75	70	43	  28 050 000	  30 855 000	  33 940 500	  37 334 550	-	-
Shaedon Sharpe	22	SG	SF	81	79	89	73	80	49	69	41	56	71	41	42	85	40	95	89	50	94	80	80	45	82	  8 399 983	-	-	-	-	-
Andrew Nembhard	25	SG	PG	81	95	97	84	79	68	88	35	52	77	82	37	80	39	60	76	46	85	80	60	85	41	  2 187 451	-	-	-	-	-
VJ Edgecombe	20	SG		81	82	78	81	78	53	77	54	47	79	79	70	85	35	89	89	57	85	80	75	75	67	  12 370 200	  12 989 040	  13 607 760	  17 172 994	-	-
Malik Monk	27	SG		80	97	90	80	87	45	60	33	54	75	43	57	82	40	75	80	48	88	80	80	45	44	  25 440 000	  26 966 400	  28 584 384	  30 299 447	-	-
Jared McCain	21	SG	SF	80	84	95	82	88	45	63	36	47	75	41	25	84	30	70	76	52	90	80	80	55	60	  13 197 720	  13 826 040	  17 434 637	-	-	-
Collin Sexton	26	SG	PG	80	96	81	84	87	45	67	43	42	79	40	32	80	30	75	88	48	95	81	80	50	50	  18 975 000	-	-	-	-	-
Alex Caruso	31	SG	SF	80	84	82	78	80	51	93	45	55	75	97	70	75	35	75	82	31	85	81	40	95	40	  19 870 698	  21 857 768	  24 043 545	-	-	-
Quentin Grimes	25	SG	SF	80	82	79	84	74	46	83	41	61	74	53	50	82	25	70	86	63	85	80	80	75	72	  14 000 000	  14 700 000	  15 435 000	  16 206 750	  17 017 088	-
Nickeil Alexander-Walker	27	SG	SF	80	88	85	83	77	52	84	39	52	73	74	55	88	40	60	72	60	90	80	80	80	67	  2 142 000	  2 184 840	  2 228 537	  2 273 108	-	-
Cedric Coward	22	SG	SF	80	84	78	84	89	58	73	56	63	69	60	57	84	50	80	88	57	95	80	70	55	45	  9 069 840	  9 522 960	  9 976 560	  12 640 302	-	-
Jaden Ivey	23	SG	PG	79	83	65	84	73	59	71	50	51	80	43	51	85	30	85	88	54	92	80	65	65	62	  10 107 163	-	-	-	-	-
Herbert Jones	26	SG	SF	79	68	78	73	83	62	91	40	48	66	78	47	67	55	75	74	59	82	80	40	90	55	  5 115 000	  5 626 500	  6 189 150	  6 808 065	-	-
Bilal Coulibaly	21	SG	SF	79	72	51	75	75	67	80	47	66	68	53	58	84	60	85	82	63	92	80	60	75	50	  5 253 360	  7 239 130	-	-	-	-
Isaiah Joe	26	SG	PG	79	91	72	88	79	42	69	38	50	62	42	40	81	40	60	72	47	80	87	80	55	85	  8 416 283	  9 257 911	  10 183 702	  11 202 072	  12 322 279	-
Tim Hardaway Jr.	33	SG	SF	79	91	72	85	83	45	70	30	46	68	36	32	86	35	78	68	55	85	83	70	40	70	  2 000 000	  2 100 000	  2 205 000	-	-	-
Ajay Mitchell	23	SG	PG	79	92	78	80	92	43	64	41	48	76	63	37	89	35	70	83	53	87	80	80	40	79	  4 443 360	  4 654 920	  7 135 993	-	-	-
Kon Knueppel	20	SG	SF	79	84	82	87	91	48	70	39	44	67	42	32	84	40	55	65	62	89	80	75	65	44	  11 108 880	  11 663 880	  12 219 720	  15 445 727	-	-
Dylan Harper	19	SG	PG	79	82	77	79	75	52	70	30	39	79	72	42	88	30	85	88	52	90	80	70	65	69	  10 015 680	  10 516 560	  11 017 560	  13 937 214	-	-
Anfernee Simons	26	SG	PG	78	84	85	82	90	49	59	31	45	73	41	30	89	40	89	86	41	92	80	70	40	57	  27 678 571	-	-	-	-	-
Malik Beasley	28	SG	SF	78	87	74	87	65	48	66	36	45	65	46	30	80	45	78	75	55	93	84	80	45	50	  7 177 995	  7 895 795	  8 685 375	-	-	-
Donte DiVincenzo	28	SG	SF	78	76	81	84	79	58	82	36	60	77	70	50	80	25	75	87	60	90	81	50	80	52	  11 220 000	  12 342 000	  13 576 200	-	-	-
Brandin Podziemski	22	SG	PG	78	90	80	83	76	45	63	45	67	73	59	42	87	35	60	82	54	89	80	60	45	60	  5 529 720	  7 337 938	-	-	-	-
Bradley Beal	32	SG	PG	77	85	85	80	81	45	60	36	47	71	46	56	84	30	75	76	62	84	82	70	40	45	  4 046 988	  4 451 687	  4 896 856	-	-	-
Ayo Dosunmu	25	SG	PG	77	87	91	79	79	38	69	35	50	75	42	51	87	25	75	76	52	85	80	75	65	55	  10 593 550	  11 652 905	  12 818 196	-	-	-
Kevin Huerter	27	SG	SF	77	95	79	82	72	44	64	35	53	69	56	53	85	30	65	84	50	85	83	65	50	50	  6 922 431	  7 614 674	  8 376 141	-	-	-
Terance Mann	28	SG	SF	77	94	78	82	66	54	66	58	52	71	73	51	83	45	75	71	50	85	80	60	50	49	  2 048 494	-	-	-	-	-
Gary Trent Jr.	26	SG	SF	77	94	78	85	83	50	61	31	45	66	53	30	80	40	75	85	58	80	82	55	35	84	  3 111 222	  3 422 344	  3 764 578	  4 141 036	  4 555 140	-
Gradey Dick	21	SG	SF	76	70	85	75	86	55	73	40	51	62	43	40	74	35	75	76	54	89	80	50	55	66	  3 262 560	  5 366 911	-	-	-	-
Buddy Hield	32	SG	SF	76	97	56	85	78	48	69	38	56	67	56	51	75	25	65	75	41	90	82	40	50	59	  26 500 000	  28 090 000	-	-	-	-
Caris LeVert	31	SG	SF	76	75	73	48	72	45	74	38	52	77	49	58	81	60	75	75	54	92	78	70	60	79	  14 520 000	  15 972 000	-	-	-	-
Klay Thompson	35	SG	SF	76	70	78	86	91	60	75	37	52	59	40	52	67	35	65	71	62	91	94	60	70	30	  26 312 165	-	-	-	-	-
Jordan Clarkson	33	SG	SF	76	78	82	80	80	43	58	38	50	76	43	47	82	25	70	79	54	80	83	75	40	60	  17 484 729	  18 358 965	-	-	-	-
Kentavious Caldwell-Pope	32	SG	SF	76	93	94	80	87	45	87	33	42	64	63	55	74	35	73	85	60	92	84	40	85	40	  5 753 183	  6 328 501	  6 961 351	-	-	-
Kris Dunn	31	SG	SF	76	94	84	75	65	40	87	42	57	74	97	55	70	40	55	83	56	85	84	30	85	44	  2 774 088	  2 996 015	-	-	-	-
A.J. Green	26	SG	SF	76	72	80	88	86	40	63	31	48	63	38	35	74	40	40	69	42	80	80	80	45	40	  2 560 000	  2 816 000	  3 097 600	  3 407 360	  3 748 096	-
Keon Ellis	25	SG	PG	76	96	76	86	86	58	84	42	46	63	96	71	75	25	65	81	48	85	80	50	80	54	  20 207 000	  22 227 700	  24 450 470	  26 895 517	-	-
Duncan Robinson	31	SG	SF	76	94	81	84	90	50	52	30	47	65	38	32	75	30	70	59	35	85	83	70	30	54	  3 240 000	  3 499 200	-	-	-	-
Corey Kispert	25	SG	SF	76	90	85	83	85	54	70	37	48	62	36	45	70	40	60	76	60	84	80	50	65	42	  2 048 494	-	-	-	-	-
Max Christie	22	SG	SF	76	79	73	82	84	44	80	35	52	64	43	52	74	35	80	87	55	98	80	65	75	41	  2 182 400	  2 400 640	  2 640 704	  2 904 774	-	-
Sam Merrill	29	SG	PG	76	78	81	88	97	42	68	41	47	65	49	47	64	30	45	62	52	80	79	75	55	55	  2 048 494	-	-	-	-	-
Tre Johnson	19	SG		76	80	85	83	87	41	62	31	44	69	40	30	80	50	75	77	54	86	80	65	55	55	  5 715 120	  6 001 080	  6 286 920	  8 342 743	-	-
Sion James	22	SG		76	79	70	84	84	69	72	37	41	69	53	37	79	55	70	93	82	80	80	65	65	47	  4 655 040	  4 887 720	  5 120 400	  7 849 573	-	-
Bogdan Bogdanovic	33	SG	SF	75	87	80	80	87	44	63	34	53	70	43	45	75	50	65	75	63	89	77	45	40	50	  23 153 520	  24 079 661	-	-	-	-
Tre Mann	24	SG	PG	75	93	93	84	84	49	62	45	48	76	38	52	87	25	60	74	53	88	80	75	40	45	  2 916 000	  3 149 280	  3 401 222	-	-	-
Luke Kennard	29	SG	PG	75	93	89	87	89	35	51	38	50	71	46	32	70	30	60	69	40	92	80	50	40	49	  2 048 494	-	-	-	-	-
Quenton Jackson	27	SG	PG	75	80	68	80	76	46	73	52	60	77	53	58	80	40	80	85	42	80	79	70	65	57	  2 048 494	-	-	-	-	-
Pelle Larsson	24	SG	SF	75	79	79	82	67	52	65	45	47	67	66	47	74	45	75	87	55	85	80	75	50	59	  2 657 760	  2 784 240	  5 025 553	-	-	-
John Konchar	29	SG	SF	75	73	76	78	78	54	62	59	76	65	63	72	77	40	55	62	40	93	84	60	45	40	  2 048 494	-	-	-	-	-
Will Richard	22	SG		75	79	79	83	84	50	66	44	47	62	79	30	79	30	75	78	56	80	80	75	55	40	  5 429 520	  5 701 200	  5 972 760	  8 230 464	-	-
Cody Martin	30	SG	SF	74	79	72	71	70	48	69	50	65	69	73	66	85	25	75	68	58	90	80	40	60	79	-	-	-	-	-	-
De’Anthony Melton	27	SG	PG	74	74	60	81	81	48	82	50	55	74	86	56	77	25	70	76	44	80	83	60	80	49	  15 592 500	  16 372 125	  17 190 731	  18 050 268	-	-
Alec Burks	34	SG	SF	74	76	82	85	76	45	72	35	61	65	43	45	76	40	69	78	48	89	85	70	55	50	  2 048 494	-	-	-	-	-
Julian Strawther	23	SG	SF	74	94	55	79	83	44	74	32	47	59	41	50	79	35	70	63	53	90	80	60	65	62	  2 048 494	-	-	-	-	-
Seth Curry	35	SG	PG	74	70	97	89	80	25	57	37	48	68	40	42	85	25	36	78	41	89	80	70	35	35	  2 650 000	-	-	-	-	-
Ben Sheppard	24	SG	SF	74	83	78	78	91	54	79	45	55	65	43	50	78	35	60	84	54	85	80	60	75	49	  2 048 494	-	-	-	-	-
Eric Gordon	36	SG	SF	74	77	80	85	75	42	73	30	39	68	46	56	75	30	70	79	60	92	78	40	50	60	  2 048 494	-	-	-	-	-
Keon Johnson	23	SG	SF	74	75	74	76	78	45	70	42	61	69	66	56	74	35	80	93	40	88	80	60	65	40	-	-	-	-	-	-
AJ Johnson	20	SG	PG	74	84	74	72	75	49	56	32	47	75	37	37	82	30	80	83	39	80	80	60	30	44	  2 048 494	-	-	-	-	-
Jaylen Clark	23	SG		74	86	67	79	77	52	81	53	37	60	89	35	73	50	70	79	55	85	79	50	75	39	  2 221 677	-	-	-	-	-
Cam Spencer	25	SG	SF	74	68	81	82	90	44	59	49	51	76	49	44	69	30	55	73	45	85	80	70	45	52	  2 048 494	-	-	-	-	-
Dalano Banton	25	SG	PG	73	56	71	77	71	40	68	40	51	75	59	67	84	30	65	76	66	80	80	60	60	79	  3 564 300	  3 885 087	  4 234 745	-	-	-
Lindy Waters III	28	SG	SF	73	90	85	77	80	53	67	37	60	58	46	55	70	25	65	60	33	83	80	75	40	65	-	-	-	-	-	-
Jordan Goodwin	26	SG	PG	73	84	65	79	87	47	71	66	60	68	83	62	78	25	35	75	49	80	80	50	70	66	-	-	-	-	-	-
Landry Shamet	28	SG	PG	73	93	89	80	88	25	60	32	43	69	46	32	79	35	70	85	41	85	81	40	35	69	  1 272 870	-	-	-	-	-
Damion Lee	32	SG	SF	73	78	76	78	91	57	60	38	61	58	37	35	79	40	65	68	55	80	79	55	35	69	-	-	-	-	-	-
Gary Harris	31	SG	SF	73	88	79	75	79	68	80	41	44	65	56	57	84	40	50	75	53	85	83	50	80	60	  1 412 244	  1 553 468	-	-	-	-
Evan Fournier	32	SG	SF	73	91	85	74	86	38	69	29	51	69	73	50	84	25	50	71	40	95	86	70	65	66	  1 272 868	  1 400 155	-	-	-	-
Sviatoslav Mykhailiuk	28	SG	SF	73	83	79	80	79	37	55	41	48	66	41	45	70	40	55	82	54	81	79	65	30	39	-	-	-	-	-	-
Caleb Houstan	22	SG	SF	73	74	76	83	84	47	80	36	44	60	40	40	70	25	25	78	40	86	80	45	80	44	  2 093 520	  2 177 261	  2 264 351	  2 354 925	-	-
Terrence Shannon Jr.	25	SG	SF	73	80	76	75	81	49	72	43	55	73	38	57	80	40	85	89	58	90	80	65	50	49	-	-	-	-	-	-
Jordan Hawkins	23	SG	PG	72	70	74	80	83	45	65	35	52	63	38	56	75	25	60	70	48	89	80	60	50	55	-	-	-	-	-	-
Lonnie Walker IV	26	SG	SF	72	76	85	77	76	55	74	33	65	72	38	51	82	40	75	89	64	85	82	45	35	67	-	-	-	-	-	-
Cam Reddish	26	SG	SF	72	62	60	71	62	55	79	38	48	65	86	56	78	50	80	85	52	90	80	35	75	37	  2 100 000	  2 205 000	  2 315 250	  2 431 013	-	-
Pat Connaughton	32	SG	SF	72	80	69	72	72	35	73	43	63	68	32	57	78	30	86	77	45	80	83	35	65	66	-	-	-	-	-	-
Dalen Terry	23	SG	SF	72	77	72	79	69	43	69	47	47	71	63	53	77	25	80	76	58	85	80	55	65	54	  2 000 000	  2 000 000	  2 000 000	  2 000 000	-	-
Rayan Rupert	21	SG	SF	72	63	63	70	75	53	70	57	46	61	43	45	82	45	70	67	52	88	80	65	65	40	-	-	-	-	-	-
Nique Clifford	23	SG		72	74	76	79	77	55	66	41	61	64	59	58	75	40	70	86	62	88	80	50	55	60	  3 512 520	  3 688 320	  3 864 000	  6 155 352	-	-
Noah Penda	20	SG	SF	72	67	68	76	73	52	73	54	58	65	67	52	70	50	75	66	70	85	80	50	65	57	  2 296 274	  2 497 812	  2 707 612	-	-	-
Malaki Branham	22	SG	PG	71	74	74	83	82	45	63	33	52	64	42	42	74	60	75	82	55	86	80	65	45	41	-	-	-	-	-	-
Kasparas Jakucionis	19	SG	PG	71	78	71	76	85	59	66	30	51	83	49	42	78	35	70	82	60	95	80	40	60	73	  5 157 960	  5 416 080	  5 673 840	  8 107 918	-	-
Drake Powell	20	SG	SF	70	74	74	77	65	54	75	37	44	62	50	50	74	45	85	86	54	85	80	35	65	37	  3 658 800	  3 841 680	  4 024 440	  6 205 687	-	-
Hugo Gonzalez	19	SG		70	74	76	71	76	53	66	57	53	61	44	45	74	45	75	75	55	88	80	60	60	40	  2 296 274	  2 497 812	  2 707 612	-	-	-
Adou Thiero	21	SG	SF	70	75	64	71	69	57	67	64	57	53	72	55	73	50	88	87	69	80	80	25	50	65	  1 272 870	-	-	-	-	-
Ben Saraf	19	SG	PG	69	72	76	70	75	40	62	37	44	80	64	37	71	30	60	83	52	80	80	40	45	67	  2 743 800	  2 880 960	  3 018 480	  5 448 356	-	-
Micah Peavy	24	SG	SF	69	74	75	75	66	59	71	41	58	65	78	50	74	40	80	85	53	85	80	30	50	42	-	-	-	-	-	-
John Tonje	24	SG		69	80	80	81	87	50	62	43	54	58	42	40	78	35	70	74	55	85	80	40	50	44	-	-	-	-	-	-
Alijah Martin	23	SG	PG	69	76	70	76	76	48	71	40	55	67	70	56	76	25	85	88	62	85	80	35	65	49	-	-	-	-	-	-
Brooks Barnhizer	23	SG	SF	69	74	79	72	76	59	70	42	60	67	70	50	70	40	70	70	67	85	80	40	65	45	-	-	-	-	-	-
Jamir Watkins	24	SG		69	74	74	74	75	45	69	37	45	66	59	40	74	60	85	82	59	90	80	40	45	60	-	-	-	-	-	-
Bronny James	20	SG	PG	68	69	63	70	73	47	72	42	50	65	57	44	68	35	80	87	60	90	80	30	65	37	-	-	-	-	-	-
Kobe Sanders	23	SG	SF	68	74	77	75	64	48	57	37	42	60	50	32	62	70	85	75	42	85	80	35	40	42	  2 884 560	  3 028 560	  3 172 920	  5 720 776	-	-
Kobe Brea	22	SG	SF	68	72	74	84	89	48	59	41	57	60	42	45	71	40	60	68	51	85	80	50	50	30	  1 272 870	  2 411 090	  2 707 612	-	-	-
Chaz Lanier	23	SG		68	78	80	83	76	40	52	30	41	61	52	28	78	25	60	74	48	90	80	50	50	40	  1 272 870	  2 411 090	  2 707 612	-	-	-
Chris Youngblood	23	SG	SF	68	67	74	80	80	42	64	42	65	55	47	32	69	40	60	72	52	80	87	45	45	65	-	-	-	-	-	-
Miles Kelly	22	SG		68	69	74	77	83	44	60	41	46	58	40	32	70	40	70	69	47	85	80	40	60	48	-	-	-	-	-	-
Kam Jones	23	SG	PG	68	76	74	75	66	30	60	42	49	79	42	35	76	30	60	76	52	88	80	40	40	40	-	-	-	-	-	-
Taelon Peter	23	SG		68	81	80	81	77	40	52	30	45	56	60	40	75	35	80	81	41	85	80	50	45	39	-	-	-	-	-	-
Hunter Sallis	22	SG		68	74	80	72	78	44	63	34	54	59	67	45	74	45	75	74	45	80	80	50	45	47	-	-	-	-	-	-
Jaylen Brown	28	SF	SG	91	88	84	82	76	70	89	46	62	79	49	45	94	40	94	79	69	95	82	85	85	85	  58 685 000	  64 553 500	  71 008 850	-	-	-
Jimmy Butler	36	SF	PF	88	86	78	76	83	80	86	65	52	83	63	50	87	40	75	84	76	97	81	80	85	87	  52 413 394	-	-	-	-	-
Lauri Markkanen	28	SF	PF	87	97	69	82	88	66	65	53	63	59	40	51	80	80	80	63	61	85	80	95	65	85	  39 240 111	  43 164 122	  47 480 534	  52 228 587	-	-
Franz Wagner	24	SF	SG	86	91	76	75	86	56	73	40	68	78	53	50	93	55	80	70	65	85	80	95	70	95	  40 828 000	  44 910 800	  49 401 880	  54 342 068	  59 776 275	-
DeMar DeRozan	36	SF	PF	85	97	96	77	87	58	64	35	50	76	40	51	88	55	80	82	73	88	91	95	55	77	  19 928 571	-	-	-	-	-
Brandon Ingram	28	SF	PF	85	92	92	81	86	54	69	39	65	76	41	56	90	65	80	74	42	95	85	90	40	74	  32 911 228	  36 202 351	  39 822 586	  43 804 845	-	-
OG Anunoby	28	SF	PF	85	75	61	82	80	81	90	46	52	58	80	62	75	60	85	81	68	85	81	80	90	60	  21 500 000	  23 650 000	  26 015 000	  28 616 500	-	-
Mikal Bridges	29	SF	SG	84	97	95	83	78	69	88	38	42	75	66	52	75	40	75	80	68	92	84	80	85	60	  24 900 000	-	-	-	-	-
Deni Avdija	24	SF	PF	84	87	84	81	78	62	80	62	79	75	46	55	87	40	75	75	65	89	84	85	80	80	  17 490 000	  19 239 000	  21 162 900	  23 279 190	-	-
Michael Porter Jr.	27	SF	PF	83	97	88	83	75	60	64	56	78	64	36	52	92	60	80	80	68	88	66	90	40	55	  38 333 050	  40 806 150	-	-	-	-
Jaden McDaniels	25	SF	PF	83	89	90	84	83	83	90	52	62	54	63	66	84	40	75	79	60	85	90	50	90	37	  7 302 157	  7 667 265	  8 050 628	  8 453 159	-	-
R.J. Barrett	25	SF	SG	82	84	80	78	65	58	81	42	70	80	40	47	88	45	80	84	76	95	80	80	75	80	  27 705 357	  29 616 071	-	-	-	-
Brandon Miller	22	SF	SG	82	77	76	79	86	50	73	38	57	76	43	62	80	55	87	78	51	95	80	80	65	53	  11 968 800	  15 104 626	-	-	-	-
Ausar Thompson	22	SF	PF	82	85	73	68	60	84	89	68	73	73	96	67	84	60	91	94	50	95	80	30	90	43	  9 690 600	  12 258 609	-	-	-	-
Paul George	35	SF	PF	81	82	88	80	81	71	79	35	68	77	86	55	82	55	80	79	70	95	93	60	70	40	  16 500 000	-	-	-	-	-
Bennedict Mathurin	23	SF	SG	81	93	79	82	83	42	69	47	65	71	37	51	78	35	80	84	54	92	80	85	50	67	  9 187 573	-	-	-	-	-
Dillon Brooks	29	SF	PF	81	82	90	83	82	77	90	49	47	58	80	60	74	35	75	75	65	88	85	60	90	38	  16 940 004	  18 634 004	-	-	-	-
Jerami Grant	31	SF	PF	81	82	75	83	85	70	69	34	49	65	41	68	89	80	85	77	69	95	82	80	75	75	  3 426 373	  3 597 692	-	-	-	-
KyShawn George	21	SF	PF	81	74	79	83	77	70	70	40	77	63	49	75	83	40	60	64	60	90	80	70	60	30	  4 010 160	  4 201 080	  6 452 860	-	-	-
Andrew Wiggins	30	SF	PF	80	94	79	81	77	55	74	50	51	66	46	66	77	40	85	82	57	87	83	70	65	50	  9 779 760	  9 975 355	-	-	-	-
Luguentz Dort	26	SF	PF	80	70	89	79	75	75	94	48	51	63	80	58	74	50	85	79	70	92	80	40	90	40	  17 722 222	  17 722 222	-	-	-	-
Trey Murphy	25	SF	PF	80	82	79	84	87	69	69	36	59	65	46	58	81	65	88	84	60	85	80	75	65	41	  23 423 123	  25 765 435	  28 341 979	  31 176 177	  34 293 795	-
Aaron Nesmith	25	SF	PF	80	96	79	87	90	72	76	43	60	60	43	55	77	35	55	78	52	87	81	75	75	78	  8 800 000	  9 680 000	  10 648 000	  11 712 800	-	-
Rui Hachimura	27	SF	PF	80	83	83	85	77	60	54	50	57	55	40	53	79	80	80	72	79	90	80	80	35	60	  13 230 000	  13 891 500	  14 586 075	-	-	-
Kelly Oubre Jr.	29	SF	SG	80	87	73	78	78	49	74	51	66	65	66	53	84	40	84	72	58	90	84	75	55	70	  11 495 000	  12 644 500	-	-	-	-
Jaime Jaquez Jr.	24	SF	PF	80	89	84	73	76	68	72	58	66	69	76	42	85	55	88	67	68	88	80	65	75	45	  7 275 600	  9 240 012	-	-	-	-
Matas Buzelis	20	SF	PF	80	85	75	82	85	58	62	44	64	63	35	81	85	65	89	86	60	90	80	85	50	59	  2 753 280	  2 884 440	  5 200 646	-	-	-
Cooper Flagg	18	SF		80	79	76	77	88	81	83	57	69	70	67	62	76	65	80	83	65	90	80	50	80	65	  13 825 920	  14 517 480	  15 208 680	  19 178 146	-	-
Christian Braun	24	SF	SG	79	95	80	80	83	40	79	47	55	64	46	51	85	25	85	83	46	93	80	60	80	50	  4 921 797	-	-	-	-	-
Khris Middleton	34	SF	PF	78	80	96	81	86	67	74	30	54	65	49	50	82	40	65	71	73	75	90	45	70	40	  32 400 000	-	-	-	-	-
Harrison Barnes	33	SF	PF	78	93	87	86	78	67	72	48	49	63	33	40	86	55	80	77	70	92	82	70	60	40	  2 500 001	  2 750 001	-	-	-	-
Keldon Johnson	26	SF	PF	78	86	83	78	77	67	73	57	63	68	41	51	87	65	75	76	70	90	80	65	65	61	  5 656 000	  6 221 600	  6 843 760	  7 528 136	  8 280 950	-
Zaccharie Risacher	20	SF	SG	78	87	74	77	71	57	79	51	52	63	41	57	80	55	70	70	56	91	80	60	75	54	  8 657 280	  9 069 600	  11 491 183	-	-	-
Grayson Allen	29	SF	SG	78	76	79	87	81	35	72	37	52	70	49	51	85	25	70	84	44	85	82	70	45	69	  3 315 789	  3 481 578	  3 655 657	-	-	-
Moses Moody	23	SF	SG	78	93	73	82	78	68	71	41	47	62	46	56	84	40	70	73	68	88	80	80	65	70	  2 500 000	  2 750 000	  3 025 000	  3 327 500	  3 660 250	-
Derrick Jones Jr.	28	SF	PF	77	90	82	80	70	67	82	53	50	55	63	57	79	85	94	77	59	83	78	60	80	52	  8 143 770	  8 713 834	  9 323 802	-	-	-
Max Strus	29	SF	SG	77	86	85	83	88	45	66	49	59	69	37	42	74	35	65	76	40	95	85	50	50	42	  2 670 957	  2 911 343	-	-	-	-
Ryan Dunn	22	SF	PF	77	95	73	75	48	76	80	66	75	57	42	72	75	55	80	83	65	88	80	50	80	30	  4 677 600	  4 900 560	  7 257 730	-	-	-
Ronald Holland II	20	SF	PF	77	94	78	70	79	65	70	42	64	62	79	51	85	55	80	85	59	90	80	65	55	74	  3 090 480	  3 237 120	  5 493 394	-	-	-
Dalton Knecht	24	SF	SG	76	93	90	85	75	50	59	38	58	61	35	35	78	45	65	86	50	90	80	55	35	44	  9 560 520	  10 015 920	  12 670 139	-	-	-
Jaylen Wells	22	SF	PF	76	88	71	81	81	51	80	47	47	61	37	35	78	45	70	86	60	85	80	40	75	55	  7 863 240	  8 237 880	  10 445 633	-	-	-
Saddiq Bey	26	SF	PF	76	71	71	77	80	64	69	66	59	61	40	37	80	45	60	63	69	81	81	70	65	84	  10 500 000	  11 025 000	  11 576 250	  12 155 063	-	-
Royce O'Neale	32	SF	PF	76	65	70	83	73	68	80	41	69	60	53	56	80	55	70	62	67	80	82	60	75	59	  4 380 845	  3 942 761	-	-	-	-
Ziaire Williams	24	SF	SG	76	69	68	77	83	60	73	46	69	60	59	56	75	65	80	87	40	90	80	50	70	50	  2 048 494	-	-	-	-	-
Sam Hauser	27	SF	PF	76	89	94	87	89	48	55	41	57	48	42	45	60	40	60	61	66	85	80	70	45	55	  2 117 283	  2 329 011	  2 561 912	  2 818 103	-	-
Brice Sensabaugh	21	SF	SG	76	95	81	85	91	50	55	41	56	61	43	37	83	35	60	65	64	88	79	70	35	41	  2 710 680	  4 890 067	-	-	-	-
Josh Minott	22	SF	PF	76	77	85	72	79	59	67	63	77	60	88	74	75	65	80	72	62	90	80	60	65	59	  3 899 009	  4 015 979	  4 136 458	  4 260 552	  4 388 369	-
Taurean Prince	31	SF	PF	75	73	80	86	83	64	74	34	55	60	53	40	76	75	70	80	60	84	81	50	60	55	  2 048 494	-	-	-	-	-
Josh Okogie	27	SF	SG	75	69	78	82	73	50	77	66	57	64	88	67	77	30	75	89	58	80	82	60	70	49	  2 221 669	  2 443 836	  2 688 220	-	-	-
Gary Payton II	32	SF	SG	75	97	65	73	71	79	83	55	65	63	80	58	85	35	75	81	48	85	83	40	80	37	  10 725 000	  11 797 500	-	-	-	-
Cam Whitmore	21	SF	PF	75	65	89	73	74	57	67	50	65	68	49	55	81	40	80	84	68	85	80	70	50	50	  6 665 520	  8 478 541	-	-	-	-
Dante Exum	30	SF	SG	75	83	73	84	74	27	78	30	47	74	63	51	75	25	60	79	48	80	83	50	75	52	  2 048 494	-	-	-	-	-
Matisse Thybulle	28	SF	SG	75	79	48	81	68	60	85	46	63	54	98	63	74	35	70	76	59	85	80	25	85	25	  2 420 000	  2 662 000	  2 928 200	-	-	-
Simone Fontecchio	29	SF	PF	75	84	83	83	82	51	65	47	62	52	40	50	79	40	65	55	62	80	80	60	45	67	  2 048 494	-	-	-	-	-
Justin Edwards	21	SF	SG	75	82	86	80	70	50	68	47	51	63	56	53	79	40	80	82	59	85	80	65	50	44	  2 048 494	-	-	-	-	-
GG Jackson	20	SF	PF	74	71	70	77	74	58	58	58	60	57	37	50	71	65	85	82	62	88	80	65	40	54	  6 127 080	  7 805 900	-	-	-	-
Brandon Boston Jr.	23	SF	SG	74	55	90	78	79	49	62	40	55	73	76	45	84	30	80	79	50	80	83	60	30	44	-	-	-	-	-	-
Isaac Okoro	24	SF	SG	74	80	60	79	72	68	84	51	44	62	43	55	80	45	75	77	67	89	82	35	80	34	  8 134 861	  8 948 347	  9 843 182	  10 827 500	-	-
Jalen Wilson	24	SF	PF	74	82	79	74	83	35	57	45	52	62	37	30	78	30	75	82	30	80	80	60	40	50	-	-	-	-	-	-
Jamison Battle	24	SF	PF	74	85	85	85	83	58	58	44	56	51	33	47	70	40	65	64	55	80	80	70	40	49	  2 048 494	-	-	-	-	-
Jaylon Tyson	22	SF	PF	74	86	78	82	80	50	67	72	61	64	53	35	79	40	70	80	63	85	80	40	40	40	  2 638 200	  2 763 960	  4 988 948	-	-	-
Tyrese Martin	26	SF	SG	74	70	80	80	76	54	66	58	62	71	41	40	70	40	60	70	59	85	80	65	55	45	  2 048 494	-	-	-	-	-
Justin Champagnie	24	SF	SG	74	78	67	82	74	49	73	66	71	58	73	66	79	65	75	73	40	80	80	65	60	42	  2 048 494	-	-	-	-	-
Julian Champagnie	24	SF	SG	73	84	74	80	90	45	67	44	61	59	46	56	79	40	60	69	37	85	80	60	40	52	  6 722 598	  7 394 858	  8 134 344	  8 947 778	-	-
Josh Green	24	SF	SG	73	81	69	83	67	35	79	40	41	62	56	45	75	30	80	86	60	89	83	30	75	44	  1 272 870	-	-	-	-	-
Amir Coffey	28	SF	SG	73	88	89	84	91	47	64	35	45	66	37	37	84	25	75	75	52	80	79	40	50	49	  1 272 870	-	-	-	-	-
Garrison Mathews	28	SF	SG	73	74	81	82	82	42	59	33	47	64	49	53	79	45	55	50	44	89	79	50	45	54	-	-	-	-	-	-
Joe Ingles	37	SF	PF	73	64	65	86	86	58	80	34	56	70	53	35	80	40	45	66	64	92	80	35	75	40	  1 272 870	-	-	-	-	-
Jae Crowder	35	SF	PF	73	90	83	79	68	70	78	59	59	64	46	42	70	50	60	68	82	93	89	30	75	40	  1 272 870	-	-	-	-	-
Kris Murray	25	SF	PF	73	77	70	62	41	60	66	62	52	57	46	52	70	60	75	68	60	90	80	70	50	50	  1 272 870	-	-	-	-	-
Ja’Kobe Walter	21	SF	SG	73	86	70	74	75	47	66	52	50	65	56	47	79	35	75	90	57	88	80	50	50	45	  3 218 760	  3 372 120	  5 547 138	-	-	-
Vit Krejci	25	SF	SG	73	85	64	84	67	50	60	34	57	69	42	62	72	45	70	75	40	80	80	50	40	44	  1 272 870	-	-	-	-	-
Ace Bailey	19	SF	SG	73	75	74	76	69	59	68	56	62	65	36	59	74	60	80	85	61	88	80	40	60	45	  8 237 640	  8 649 600	  9 061 680	  11 490 211	-	-
Jett Howard	22	SF	SG	72	75	88	77	75	55	67	43	47	63	36	56	74	35	65	69	58	90	80	50	45	47	  1 272 870	-	-	-	-	-
Ricky Council IV	24	SF	SG	72	81	59	70	84	52	60	46	64	60	41	50	80	45	75	74	60	85	80	60	50	57	-	-	-	-	-	-
Jae’Sean Tate	29	SF	PF	72	84	70	76	69	70	70	65	55	63	70	42	84	65	75	69	65	89	80	40	65	54	-	-	-	-	-	-
Julian Phillips	21	SF	PF	72	81	68	75	77	55	68	56	47	56	46	55	70	45	80	73	40	85	80	50	65	55	-	-	-	-	-	-
Dariq Whitehead	21	SF	SG	72	77	76	84	79	40	65	34	56	64	38	37	70	50	80	79	52	90	77	40	45	37	-	-	-	-	-	-
Johnny Juzang	24	SF	SG	72	89	89	81	83	50	58	43	54	59	42	40	71	35	75	70	55	85	80	50	50	44	  1 272 870	-	-	-	-	-
Cody Williams	20	SF	PF	72	75	53	65	73	55	73	38	46	64	37	53	74	50	80	87	51	90	80	45	55	40	  1 326 050	  1 458 655	  1 604 521	  1 764 973	-	-
Kessler Edwards	25	SF	PF	72	72	72	78	80	77	75	47	69	55	46	80	68	60	65	72	77	80	80	45	75	45	-	-	-	-	-	-
Egor Demin	19	SF	SG	72	69	66	70	70	47	65	27	48	82	67	32	70	45	65	70	60	88	80	50	60	40	  3 991 320	  4 190 520	  4 390 320	  6 752 312	-	-
Carter Bryant	19	SF		72	69	68	77	70	60	75	40	57	63	62	57	72	45	75	88	60	85	80	40	70	38	  2 983 320	  3 132 360	  3 282 000	  5 910 882	-	-
Vince Williams Jr.	25	SF	SG	71	88	60	68	75	55	79	46	63	64	40	51	69	35	70	68	52	87	80	40	75	55	  6 987 750	  7 686 525	  8 455 178	-	-	-
Andre Jackson Jr.	23	SF	SG	71	75	68	81	70	53	80	60	56	61	46	55	67	40	87	84	50	90	80	30	80	37	-	-	-	-	-	-
Anthony Lamb	27	SF	PF	70	91	69	80	77	52	57	49	61	61	38	55	78	40	65	62	65	85	81	65	35	30	   722 931	   824 141	   939 521	-	-	-
Liam McNeeley	19	SF		70	67	70	80	86	51	62	37	58	65	47	37	67	40	60	81	54	84	80	50	40	58	  2 801 280	  2 941 440	  3 081 840	  5 559 640	-	-
Will Riley	19	SF		70	76	77	77	72	50	62	44	40	64	38	32	75	30	70	82	45	85	80	50	45	44	-	-	-	-	-	-
Trentyn Flowers	20	SF	PF	69	62	71	75	64	52	62	48	54	61	57	37	62	70	85	83	42	85	80	35	45	42	  2 191 897	  2 461 462	-	-	-	-
Alex Toohey	21	SF		68	70	68	74	74	60	60	42	51	57	60	60	73	60	75	72	62	88	80	50	50	50	-	-	-	-	-	-
Jahmyl Telfort	24	SF	PF	68	73	72	73	77	54	60	47	57	58	50	37	73	55	70	63	62	75	80	40	45	46	-	-	-	-	-	-
David Jones-Garcia	23	SF	SG	68	72	67	74	78	48	65	54	59	57	54	52	72	50	75	73	59	80	87	35	50	44	-	-	-	-	-	-
Giannis Antetokounmpo	30	PF	C	97	90	84	52	60	90	87	61	91	85	70	71	98	85	91	89	94	98	91	98	95	97	  51 935 268	-	-	-	-	-
Jayson Tatum	27	PF	SF	94	90	85	85	81	81	87	35	85	80	43	52	96	50	89	82	71	95	80	98	85	88	  37 096 620	-	-	-	-	-
LeBron James	40	PF	PG	94	95	80	82	77	74	74	41	79	89	42	70	97	80	85	87	89	88	97	90	60	80	  44 500 000	-	-	-	-	-
Kevin Durant	37	PF	SF	93	97	97	91	83	70	77	31	67	81	38	72	96	60	85	80	63	94	88	98	75	97	  54 708 609	-	-	-	-	-
Kawhi Leonard	34	PF	SF	92	96	88	86	75	81	89	42	68	79	73	56	90	55	80	84	79	85	82	95	90	80	  52 601 356	  57 861 492	-	-	-	-
Karl-Anthony Towns	29	PF	C	90	88	69	84	83	71	50	69	93	64	42	58	82	85	75	76	87	98	82	95	65	88	  52 787 700	  56 697 900	  60 608 100	-	-	-
Paolo Banchero	22	PF	SF	90	86	79	79	71	68	66	42	82	75	40	56	90	75	85	80	77	90	80	98	45	89	  15 334 769	-	-	-	-	-
Jalen Williams	24	PF	SF	90	85	94	84	79	85	92	38	62	79	73	61	88	25	80	87	68	90	80	90	95	54	  6 580 997	-	-	-	-	-
Pascal Siakam	31	PF	C	89	97	82	82	74	85	79	53	69	72	41	55	88	80	80	76	70	95	82	90	80	78	  43 052 596	  47 357 856	  52 093 642	-	-	-
Evan Mobley	24	PF	C	89	85	67	80	74	96	82	65	85	66	41	86	84	85	85	72	74	90	80	70	95	67	  48 593 427	  53 452 770	  58 798 047	  64 677 852	  71 145 637	-
Julius Randle	30	PF	C	88	92	91	79	83	77	73	62	74	76	46	47	92	85	80	73	87	95	84	98	75	92	  29 462 400	-	-	-	-	-
Zion Williamson	25	PF	C	87	93	70	67	66	59	55	70	71	74	66	70	93	85	93	84	92	83	60	85	40	85	  38 570 000	  41 230 000	  43 890 000	-	-	-
Scottie Barnes	24	PF	SF	86	85	85	76	77	80	80	57	75	77	66	79	86	80	80	82	74	88	80	75	85	86	  44 308 721	  48 739 593	  53 613 552	  58 974 907	  64 872 398	-
Jalen Johnson	23	PF	SF	85	89	78	74	81	66	66	50	87	71	59	66	88	75	96	76	68	85	80	90	50	75	  48 500 000	  53 350 000	  58 685 000	  64 553 500	  71 008 850	-
Aaron Gordon	30	PF		83	90	89	84	81	80	84	55	66	63	33	45	88	85	94	71	72	95	84	75	80	85	  22 841 455	-	-	-	-	-
Alexandre Sarr	20	PF	C	83	83	74	77	81	78	72	61	69	64	40	95	82	90	85	73	67	80	80	75	80	78	  11 808 240	  12 370 680	  15 611 798	-	-	-
Miles Bridges	27	PF	SF	82	92	84	79	87	60	59	43	81	72	38	62	86	60	88	75	84	93	85	85	45	75	  17 138 111	  18 851 922	  20 737 114	-	-	-
Toumani Camara	25	PF	SF	82	82	67	82	75	87	90	61	55	59	66	57	82	60	75	63	78	88	80	55	95	32	  3 539 760	  5 458 310	-	-	-	-
Jonathan Kuminga	22	PF	SF	81	89	73	78	84	73	73	50	65	69	49	56	89	65	85	84	73	88	80	80	50	79	  17 156 000	  18 871 600	  20 758 760	  22 834 636	  25 118 100	-
Draymond Green	35	PF	C	80	80	84	74	68	93	88	45	73	77	70	80	70	55	65	73	85	85	88	30	95	30	  22 000 000	-	-	-	-	-
De'Andre Hunter	27	PF	SF	80	92	95	84	86	63	82	38	58	61	41	40	79	65	70	76	65	88	80	75	80	60	  23 303 571	  24 910 714	-	-	-	-
Tari Eason	24	PF	SF	80	83	68	77	77	78	85	57	69	55	80	71	82	35	80	80	70	85	80	40	80	44	  5 675 766	-	-	-	-	-
Jabari Smith Jr.	22	PF	C	80	90	73	80	81	70	69	57	71	61	33	61	75	75	85	76	60	89	80	75	55	54	  12 350 392	-	-	-	-	-
Bobby Portis	30	PF	C	80	86	79	80	82	78	40	60	87	53	41	60	74	75	70	65	83	85	84	70	65	74	  13 445 754	-	-	-	-	-
Obi Toppin	27	PF		80	98	53	80	79	66	48	45	72	55	42	56	88	85	90	70	74	88	88	60	40	60	  12 705 000	  13 975 500	  15 373 050	-	-	-
Tobias Harris	33	PF	SF	80	95	72	78	87	59	58	41	69	66	43	62	82	65	75	75	73	97	82	75	60	68	  13 651 167	  14 333 725	-	-	-	-
Keegan Murray	25	PF	SF	80	91	72	83	83	68	78	56	64	61	38	66	77	60	80	76	60	85	80	60	75	45	  11 144 093	-	-	-	-	-
Cameron Johnson	29	PF	SF	79	86	79	80	89	65	69	35	51	52	33	42	79	60	60	70	60	85	78	50	65	64	  9 181 555	  9 916 079	-	-	-	-
P.J. Washington	27	PF	C	79	81	59	82	74	83	85	49	79	57	46	67	75	65	80	75	68	85	79	50	80	44	  11 107 242	  12 440 111	  13 932 924	-	-	-
Aaron Wiggins	26	PF	SF	79	80	73	82	83	48	59	51	56	64	46	51	80	35	70	84	45	80	80	80	55	62	  9 999 412	  10 799 365	  11 663 314	  12 596 379	  13 604 089	-
Josh Hart	30	PF	SF	78	82	75	75	79	78	86	57	81	75	59	47	84	25	70	81	64	99	82	40	80	44	  23 280 000	  22 581 600	  21 904 152	-	-	-
Santi Aldama	24	PF	SF	78	94	72	81	70	67	66	57	77	64	42	56	79	70	65	59	70	80	79	75	65	50	  11 348 238	  12 483 062	  13 731 368	  15 104 505	  16 614 956	-
Jake LaRavia	23	PF	SF	78	91	78	84	68	78	78	61	58	65	73	57	79	60	75	59	62	88	80	60	75	69	  3 259 579	  3 520 345	  3 801 973	  4 106 131	-	-
Kyle Kuzma	30	PF	C	77	82	60	74	63	66	75	39	69	67	36	47	75	75	75	74	74	85	83	60	70	50	  22 000 000	  24 200 000	  26 620 000	-	-	-
Al Horford	39	PF	C	77	91	68	76	90	82	68	51	72	57	38	67	65	70	65	53	91	95	78	30	85	37	  3 550 000	-	-	-	-	-
Jarred Vanderbilt	26	PF	C	77	85	69	67	48	83	83	87	80	53	90	51	79	75	75	75	70	75	78	40	80	50	  21 257 481	  23 383 229	  25 721 552	  28 293 707	-	-
Jeremy Sochan	22	PF	PG	77	75	45	73	68	65	74	69	69	72	46	57	84	60	80	70	60	90	80	40	65	79	  2 913 144	  3 204 458	  3 524 904	  3 877 394	  4 265 133	-
Dorian Finney-Smith	32	PF	C	77	80	71	83	64	72	83	50	52	54	43	51	84	40	84	67	62	80	81	65	75	58	  4 620 031	  5 082 034	  5 590 237	-	-	-
Isaiah Stewart	24	PF	C	77	96	80	78	76	78	67	78	77	45	37	88	76	75	70	63	89	81	77	70	50	50	  3 532 343	  3 885 577	  4 274 135	  4 701 549	-	-
Collin Murray-Boyles	20	PF	C	77	75	75	74	71	72	74	70	65	66	76	70	78	55	75	83	70	85	80	55	65	67	  7 520 040	  7 896 240	  8 271 960	  10 505 389	-	-
Naji Marshall	27	PF	SF	76	89	88	70	84	52	60	47	62	67	53	37	82	45	70	62	67	85	80	60	40	49	  6 395 386	  7 034 925	  7 738 418	  8 512 260	-	-
Peyton Watson	23	PF	SF	76	84	69	79	71	78	78	56	53	60	42	88	74	60	65	77	55	88	80	40	80	40	  8 848 237	  9 733 061	  10 706 367	  11 777 004	  12 954 704	-
Patrick Williams	24	PF		76	80	73	79	73	70	76	40	57	59	41	57	68	60	65	70	64	88	81	65	65	45	  8 580 000	  9 438 000	  10 381 800	  11 419 980	-	-
Jarace Walker	22	PF	C	76	96	86	79	64	67	62	36	72	63	70	58	78	70	85	81	80	90	80	60	60	40	  4 503 720	  6 904 203	-	-	-	-
Kenrich Williams	30	PF	C	76	88	76	84	81	68	75	56	66	62	49	47	79	40	65	66	63	80	80	50	75	55	  2 422 440	  2 616 235	  2 825 534	-	-	-
Precious Achiuwa	26	PF	C	76	72	60	72	63	79	56	73	76	46	56	72	79	85	80	75	78	84	76	50	75	51	  4 380 845	  3 942 761	  3 548 485	  3 193 637	-	-
Tristan da Silva	24	PF	C	76	89	81	76	86	64	64	49	57	60	37	51	79	60	65	85	62	90	80	50	50	45	  3 492 480	  3 658 560	  5 641 500	-	-	-
Guerschon Yabusele	29	PF	C	75	87	67	76	74	62	66	63	66	58	43	52	80	50	85	62	74	80	84	65	40	45	  11 220 000	  12 342 000	  13 576 200	-	-	-
Taylor Hendricks	21	PF	SF	75	89	78	81	80	68	68	76	94	57	46	71	82	60	75	72	62	92	80	45	50	42	  3 687 960	  5 679 458	-	-	-	-
Sandro Mamukelashvili	26	PF	C	75	84	69	80	73	65	50	70	75	56	46	63	69	65	65	59	73	85	80	65	45	54	  2 048 494	-	-	-	-	-
Nikola Jovic	22	PF	C	75	86	70	81	83	59	62	37	62	68	46	51	83	30	60	68	44	85	80	70	40	62	  2 048 494	-	-	-	-	-
Nicolas Batum	36	PF	SF	75	88	79	86	77	66	73	43	61	63	56	67	74	55	60	68	65	88	83	35	65	35	  2 048 494	-	-	-	-	-
Karlo Matkovic	24	PF	C	75	95	69	71	80	73	41	67	76	48	41	85	77	75	75	56	77	80	80	65	50	44	  2 048 494	-	-	-	-	-
Kyle Anderson	32	PF	SF	74	91	48	79	71	60	79	55	67	75	63	66	79	55	45	66	62	85	83	45	75	49	  2 048 494	-	-	-	-	-
Jonathan Mogbo	23	PF	C	74	60	53	70	70	64	64	67	67	65	56	66	80	60	80	91	68	88	80	50	60	55	-	-	-	-	-	-
Georges Niang	32	PF		74	97	79	84	80	60	55	40	62	57	35	42	77	25	50	44	60	88	84	45	35	40	  2 048 494	-	-	-	-	-
Torrey Craig	34	PF	SF	74	80	54	84	78	74	79	75	66	52	42	61	79	35	60	63	49	80	80	40	75	50	  2 048 494	-	-	-	-	-
Dean Wade	28	PF	SF	74	78	70	79	52	50	77	49	67	46	46	55	78	80	75	62	60	80	79	65	65	44	  2 048 494	-	-	-	-	-
Jeremiah Robinson-Earl	24	PF	C	74	71	91	79	84	66	40	67	69	59	46	40	79	75	75	62	60	80	80	40	45	50	-	-	-	-	-	-
Trendon Watford	24	PF	C	74	83	68	74	81	66	52	70	65	60	46	53	73	75	75	63	79	85	80	60	40	50	  2 048 494	-	-	-	-	-
T.J. Warren	32	PF	SF	74	89	90	70	80	54	62	48	63	62	46	42	88	50	80	61	75	74	84	80	50	75	  1 333 049	-	-	-	-	-
Dario Saric	31	PF	C	74	82	71	70	83	80	66	62	76	65	63	25	74	45	70	63	65	82	81	50	75	50	  5 445 000	  5 989 500	-	-	-	-
Trey Lyles	29	PF	C	74	82	75	77	68	68	36	57	77	54	46	57	74	70	65	66	69	81	84	60	40	51	  2 180 141	  2 398 155	-	-	-	-
Mouhamed Gueye	22	PF	C	74	75	67	63	73	60	48	58	69	53	73	88	72	75	80	67	63	88	80	70	45	58	  2 221 677	-	-	-	-	-
Ochai Agbaji	25	PF	SF	73	82	83	83	69	57	78	42	54	62	43	56	78	65	80	85	64	90	80	35	65	40	  20 287 465	  22 316 212	  24 547 833	  27 002 616	-	-
Caleb Martin	30	PF	SF	73	77	71	76	63	68	75	47	55	60	53	58	84	25	70	68	58	85	80	40	70	48	  1 272 870	-	-	-	-	-
Jonathan Isaac	27	PF		73	74	44	64	67	83	83	78	79	52	86	91	67	60	70	73	70	70	67	30	80	30	  1 272 870	-	-	-	-	-
Grant Williams	26	PF	C	73	81	73	80	84	68	68	45	64	61	56	67	77	50	60	58	73	88	80	45	60	37	  2 420 000	  2 662 000	  2 928 200	-	-	-
Haywood Highsmith	28	PF	SF	73	86	70	81	75	70	79	45	52	56	59	61	78	35	45	70	50	80	86	50	70	40	  6 803 500	  7 483 850	  8 232 235	-	-	-
Kenyon Martin Jr.	24	PF	SF	73	97	68	67	77	54	67	42	54	61	36	63	82	75	92	83	62	80	81	50	50	70	  1 272 870	-	-	-	-	-
Bol Bol	25	PF	C	73	96	93	75	77	72	52	60	80	51	33	88	69	85	70	68	65	80	77	40	40	42	  3 630 000	  3 993 000	  4 392 300	  4 831 530	-	-
Jeff Green	39	PF	C	73	88	75	76	82	69	70	41	49	57	32	62	79	65	70	63	70	89	82	50	60	51	-	-	-	-	-	-
Oso Ighodaro	23	PF	C	73	95	60	35	56	62	47	60	67	56	41	63	74	80	80	86	64	85	80	40	45	37	  3 353 040	  3 512 760	  5 595 827	-	-	-
Maxi Kleber	33	PF	C	73	71	70	72	76	80	77	47	53	56	33	63	73	75	75	45	79	85	80	35	75	40	  1 272 870	-	-	-	-	-
Asa Newell	19	PF		73	73	67	73	75	70	66	78	64	56	65	65	73	80	85	75	67	85	80	50	60	51	  4 422 360	  4 643 520	  4 864 920	  7 462 788	-	-
Javonte Green	32	PF	SF	72	58	70	78	75	74	77	50	56	60	70	68	79	25	85	72	46	80	82	40	75	60	-	-	-	-	-	-
Jabari Walker	23	PF	SF	72	72	70	78	65	68	60	67	83	55	80	47	72	45	75	75	46	80	80	40	60	40	-	-	-	-	-	-
Ousmane Dieng	23	PF	SF	72	76	73	68	65	67	68	50	71	64	89	62	69	45	75	78	62	88	80	35	45	47	-	-	-	-	-	-
Tidjane Salaun	20	PF	SF	72	45	65	73	72	69	74	57	70	52	41	51	75	65	80	71	60	88	80	40	50	47	  2 966 760	  3 108 000	  5 435 892	-	-	-
Olivier-Maxence Prosper	23	PF	SF	72	65	68	67	65	67	74	67	62	58	66	50	68	40	85	79	60	88	80	40	60	58	-	-	-	-	-	-
Noa Essengue	18	PF	SF	72	71	70	70	70	60	68	55	54	60	60	45	72	50	80	85	55	80	80	50	45	76	  3 237 480	  3 399 480	  3 560 880	  6 042 814	-	-
Doug McDermott	33	PF	SF	71	85	78	88	76	52	58	30	48	54	32	42	79	50	65	59	60	81	83	50	40	60	-	-	-	-	-	-
DaRon Holmes II	23	PF	C	71	77	76	75	70	76	63	60	68	52	59	73	68	75	75	75	60	88	80	40	55	50	-	-	-	-	-	-
Danny Wolf	21	PF	C	71	76	70	76	60	58	55	57	72	61	49	63	74	70	70	47	60	90	80	60	45	52	  3 108 120	  3 263 400	  3 418 800	  5 979 481	-	-
Leonard Miller	21	PF	SF	70	74	70	72	83	57	63	52	71	57	52	57	75	65	85	73	55	90	80	50	40	37	-	-	-	-	-	-
Hunter Tyson	25	PF	SF	70	72	76	73	70	58	62	49	65	58	33	60	70	60	75	68	52	88	80	50	40	50	-	-	-	-	-	-
Joan Beringer	18	PF	C	70	69	45	26	57	73	40	69	70	43	35	80	70	85	80	56	65	85	80	40	40	40	  3 372 240	  3 540 600	  3 709 320	  6 101 832	-	-
Johni Broome	23	PF	C	70	75	75	69	60	70	60	69	69	61	49	72	72	50	60	60	71	80	80	50	60	55	  2 296 274	  2 497 812	  2 707 612	-	-	-
Rasheer Fleming	21	PF	C	70	74	74	75	74	67	40	60	64	56	64	68	74	70	75	77	75	85	80	40	55	42	  1 272 870	  2 411 090	  2 707 612	-	-	-
Chris Livingston	21	PF	SF	69	76	68	70	72	52	64	52	51	58	47	48	76	50	80	80	54	85	80	35	40	37	-	-	-	-	-	-
Amari Williams	23	PF	C	69	67	60	55	62	70	60	60	60	63	47	68	67	75	80	66	69	85	80	40	55	54	  1 272 870	  2 411 090	  2 707 612	-	-	-
Mohamed Diawara	20	PF	SF	68	69	67	69	55	64	60	55	57	52	55	40	69	70	85	74	69	85	80	35	50	57	-	-	-	-	-	-
Lachlan Olbrich	21	PF	C	68	70	66	61	58	60	37	62	65	59	47	50	67	60	65	50	68	85	80	50	50	60	-	-	-	-	-	-
Jacob Toppin	25	PF	SF	67	70	69	69	67	67	65	47	62	55	38	51	68	65	85	68	62	85	80	30	60	40	-	-	-	-	-	-
Nikola Jokic	30	C		98	99	98	86	81	83	61	81	95	85	70	56	91	90	75	63	96	97	83	98	80	98	  53 998 000	  57 722 000	  61 446 000	-	-	-
Victor Wembanyama	21	C	PF	95	94	77	80	84	96	78	76	97	70	69	99	86	90	80	66	59	97	88	95	98	94	  13 376 880	  16 868 246	-	-	-	-
Anthony Davis	32	C	PF	93	88	88	71	79	90	80	67	91	68	53	87	82	90	85	79	92	87	78	85	90	87	  42 000 000	  42 000 000	  42 000 000	-	-	-
Joel Embiid	31	C		90	96	84	75	82	84	68	70	90	69	40	72	84	85	80	60	96	79	56	95	80	90	  48 593 427	  53 452 770	  58 798 047	-	-	-
Bam Adebayo	28	C		89	88	88	78	83	90	88	63	83	70	53	60	84	85	80	74	85	92	90	80	95	60	  37 096 620	-	-	-	-	-
Chet Holmgren	23	C	PF	88	95	75	82	73	85	75	55	86	58	41	97	85	75	75	75	45	87	80	75	85	85	  13 731 368	-	-	-	-	-
Alperen Sengun	23	C		88	86	84	76	69	72	63	77	84	69	49	62	82	70	80	52	86	88	80	95	65	79	  44 500 000	  48 060 000	  51 904 800	  56 057 184	  60 541 759	-
Jaren Jackson Jr.	26	C	PF	87	97	74	79	78	93	80	47	65	45	47	83	82	85	80	63	82	90	94	75	95	70	  23 413 395	-	-	-	-	-
Ivica Zubac	28	C		87	98	76	26	64	92	63	86	91	46	37	75	86	85	80	43	90	80	80	80	95	55	  17 800 000	  19 402 000	  21 148 180	  23 051 516	-	-
Domantas Sabonis	29	C		85	90	86	76	75	70	49	81	94	69	36	50	82	75	75	48	82	95	86	90	60	70	  50 149 000	  55 163 900	  60 680 290	-	-	-
Kristaps Porzingis	30	C	PF	85	95	66	86	81	75	56	56	75	51	41	85	79	90	75	66	74	94	77	80	55	57	  49 500 000	  54 450 000	  59 895 000	-	-	-
Jarrett Allen	27	C		84	98	82	63	74	88	72	71	88	36	46	68	80	90	85	75	84	90	82	60	85	60	  20 000 000	-	-	-	-	-
Jalen Duren	21	C		84	97	65	35	80	88	62	94	90	57	41	81	75	80	80	73	81	89	80	60	85	44	  6 483 144	-	-	-	-	-
Rudy Gobert	33	C		83	57	54	25	68	90	64	83	84	44	40	80	57	85	75	48	87	90	81	40	95	70	  23 700 000	  25 596 000	-	-	-	-
Nikola Vucevic	34	C		83	98	79	84	82	68	41	64	86	58	40	58	70	75	65	62	87	88	77	90	45	50	  11 844 030	-	-	-	-	-
Walker Kessler	24	C		83	90	74	70	55	84	65	93	88	41	37	93	65	85	75	37	74	88	80	65	85	51	  4 878 938	-	-	-	-	-
Isaiah Hartenstein	27	C		82	97	85	55	67	83	41	75	91	55	42	78	77	75	65	62	84	80	77	60	80	72	  30 664 102	  33 730 512	  37 103 563	  40 813 919	-	-
Naz Reid	26	C	PF	82	91	79	82	78	78	54	47	75	56	41	71	75	80	80	50	87	88	80	80	75	75	  5 040 749	  5 544 824	  6 099 306	-	-	-
John Collins	28	C	PF	81	97	79	80	85	74	49	63	79	54	43	72	87	90	90	71	75	92	84	70	50	44	  26 580 000	-	-	-	-	-
Myles Turner	29	C		81	78	89	80	78	87	70	47	75	40	40	87	75	80	65	56	80	95	83	60	85	45	  23 615 953	  25 977 548	  28 575 303	  31 432 833	-	-
Onyeka Okongwu	24	C		81	93	88	74	75	79	64	77	84	52	43	71	86	85	85	74	70	88	83	70	65	52	  21 450 000	  23 595 000	  25 954 500	  28 549 950	-	-
Deandre Ayton	27	C		80	94	88	63	67	66	49	73	88	55	40	70	79	90	75	75	85	75	81	70	55	41	  17 143 354	  18 857 689	  20 743 458	  22 817 804	-	-
Daniel Gafford	27	C		80	97	65	29	70	84	57	88	75	38	38	91	80	85	75	75	73	75	80	45	80	40	  14 386 320	-	-	-	-	-
Nicolas Claxton	26	C		80	86	69	64	52	84	79	69	83	47	46	86	67	80	75	69	71	90	80	35	85	55	  18 998 100	  20 897 910	  22 987 701	  25 286 471	-	-
Donovan Clingan	21	C		80	80	59	71	60	82	49	93	87	47	41	95	69	85	75	44	78	82	80	55	80	59	  6 576 120	  6 889 320	  8 763 216	-	-	-
Jakob Poeltl	29	C		79	90	79	45	67	81	45	79	83	52	56	80	73	75	60	51	80	80	80	60	80	60	  12 653 856	  13 539 626	-	-	-	-
Dereck Lively II	21	C		79	97	60	52	64	83	57	78	80	58	38	90	82	85	83	50	70	80	80	50	80	40	  7 970 280	  10 106 315	-	-	-	-
Mark Williams	23	C		79	87	60	36	79	75	44	78	91	48	41	82	77	85	75	65	86	75	57	80	60	55	  6 276 531	-	-	-	-	-
Wendell Carter Jr.	26	C		79	79	80	76	74	78	47	68	84	53	41	62	78	80	75	68	82	85	81	55	70	75	  13 697 345	  15 067 080	  16 573 788	  18 231 167	  20 054 284	-
Zach Edey	23	C		79	82	60	80	71	79	37	94	81	44	38	87	60	80	70	46	84	79	80	60	75	50	  7 178 400	  7 519 920	  9 550 298	-	-	-
Yves Missi	21	C	PF	79	82	42	30	64	80	48	88	75	36	36	83	70	85	80	78	72	80	80	40	60	40	  6 045 000	  6 332 760	  8 067 937	-	-	-
Kel’el Ware	21	C	PF	79	87	64	75	70	75	37	67	88	44	42	83	77	85	86	66	66	89	80	60	60	62	  1 661 000	  1 827 100	  2 009 810	  2 210 791	-	-
Jonas Valanciunas	33	C		78	98	81	63	87	69	40	83	90	47	40	67	80	80	65	49	91	90	81	50	45	65	  31 846 187	-	-	-	-	-
Brook Lopez	37	C		78	90	86	78	85	86	45	47	54	41	37	86	60	75	65	25	89	92	79	40	90	40	  11 350 025	-	-	-	-	-
Robert Williams III	27	C	PF	78	96	69	25	81	83	40	74	86	48	53	95	82	80	75	71	83	80	81	35	85	37	  13 562 499	-	-	-	-	-
Mitchell Robinson	27	C		78	75	68	32	37	83	49	98	77	44	83	87	66	85	80	48	84	80	80	35	80	41	  21 520 864	  23 672 950	  26 040 245	  28 644 270	-	-
Brandon Clarke	29	C	PF	78	97	78	57	70	80	75	75	68	58	59	65	87	80	84	84	64	90	80	35	80	55	  16 335 000	  17 968 500	  19 765 350	-	-	-
Ryan Kalkbrenner	23	C		78	85	74	73	71	78	30	83	69	41	41	90	60	80	75	44	67	85	80	50	75	67	  6 016 080	  6 316 680	  6 617 160	  8 436 880	-	-
Clint Capela	31	C		77	83	50	25	54	83	47	91	90	36	40	80	70	80	75	58	82	78	83	30	80	34	  6 200 000	  6 820 000	  7 502 000	-	-	-
Jusuf Nurkic	31	C		77	90	88	73	69	71	45	67	94	54	53	72	68	75	65	51	90	86	72	50	70	70	  19 375 000	-	-	-	-	-
Luke Kornet	30	C		77	85	56	70	71	74	32	91	66	46	41	84	60	75	60	38	66	85	77	65	70	58	  2 707 500	  2 572 125	-	-	-	-
Kyle Filipowski	21	C	PF	77	88	70	76	64	60	55	63	82	60	43	51	64	70	70	77	62	85	80	75	45	50	  5 742 480	  6 015 600	  7 669 890	-	-	-
Moussa Diabate	23	C	PF	77	88	72	67	72	65	41	90	81	47	53	80	68	65	80	73	60	80	80	50	55	57	  2 500 001	  2 750 001	  3 025 001	  3 327 501	  3 660 251	-
Kelly Olynyk	34	C	PF	76	88	70	85	78	70	50	62	71	57	53	60	75	70	60	31	70	89	82	65	65	49	  9 540 900	-	-	-	-	-
Goga Bitadze	26	C		76	97	72	69	64	78	25	83	86	59	49	89	50	75	65	53	88	80	80	40	80	40	  3 858 750	  4 051 688	  4 254 272	-	-	-
Nick Richards	27	C		76	86	79	25	74	75	47	86	89	38	32	81	62	75	75	72	65	81	84	45	70	40	  9 646 875	  10 129 219	  10 635 680	-	-	-
Marvin Bagley III	26	C	PF	76	84	78	70	67	58	49	85	67	53	56	70	78	70	75	73	80	85	87	65	40	50	  2 507 678	  2 758 446	  3 034 291	  3 337 720	-	-
Andre Drummond	32	C		76	91	47	47	62	75	52	92	94	50	86	62	66	85	80	60	94	75	81	40	65	40	  6 200 000	  6 200 000	  6 200 000	-	-	-
DeMarcus Cousins	35	C		76	82	72	72	72	70	48	77	91	66	76	66	77	80	75	65	88	70	72	75	40	60	  2 721 000	-	-	-	-	-
Jock Landale	29	C		76	90	77	76	69	71	48	85	69	50	36	74	75	65	65	54	64	80	80	60	45	44	  2 048 494	  2 212 374	-	-	-	-
Neemias Queta	26	C		76	98	66	40	74	76	45	84	80	43	36	88	72	75	70	59	76	80	80	35	65	40	  6 180 000	  6 365 400	  6 556 362	  6 753 053	-	-
Moritz Wagner	28	C	PF	75	96	78	80	72	58	40	65	85	51	66	62	75	75	65	73	78	78	81	80	35	40	  7 562 500	  8 318 750	  9 150 625	-	-	-
Zach Collins	27	C		75	93	79	73	88	68	45	75	75	40	43	67	70	70	65	66	60	75	80	50	40	50	  4 950 255	  5 445 281	  5 989 809	-	-	-
Mason Plumlee	35	C		75	85	60	58	65	74	46	71	89	58	40	75	81	85	80	57	80	78	83	50	60	40	  2 048 494	-	-	-	-	-
Jalen Smith	25	C	PF	75	97	72	74	82	70	48	72	88	38	36	80	69	85	80	69	65	82	80	60	45	47	  2 048 494	-	-	-	-	-
Steven Adams	32	C		75	92	65	26	42	80	55	96	80	49	42	72	69	70	70	48	96	68	82	35	70	49	  2 048 494	-	-	-	-	-
Jaylin Williams	23	C		75	89	84	82	80	68	45	59	90	62	41	77	69	70	70	50	60	78	80	65	50	40	  2 048 494	-	-	-	-	-
Jaxson Hayes	25	C	PF	75	95	68	60	71	78	48	65	75	36	42	82	77	85	80	58	72	80	80	40	65	52	  4 201 765	  4 621 942	  5 084 136	-	-	-
Kevon Looney	29	C		74	74	44	69	55	72	46	94	88	57	59	70	70	75	70	58	74	85	84	35	65	38	-	-	-	-	-	-
Larry Nance Jr.	32	C	PF	74	93	74	75	70	74	61	53	70	59	76	74	72	85	85	65	69	80	83	40	60	50	  2 048 494	-	-	-	-	-
Isaiah Jackson	23	C	PF	74	86	69	59	71	70	54	91	83	46	63	89	70	75	70	73	65	82	80	40	55	46	  6 000 000	  6 600 000	  7 260 000	  7 986 000	  8 784 600	-
Drew Eubanks	28	C		74	95	73	77	66	74	47	65	86	43	36	85	69	75	70	61	68	80	83	60	45	44	-	-	-	-	-	-
Jay Huff	27	C		74	87	72	75	77	79	32	45	61	44	36	90	60	65	65	48	62	80	77	50	75	38	  2 048 494	-	-	-	-	-
Day'Ron Sharpe	23	C		74	87	74	67	76	69	60	91	84	58	73	82	73	75	70	61	79	80	80	35	60	44	  2 048 494	-	-	-	-	-
DeAndre Jordan	37	C		74	75	25	25	41	70	57	89	92	39	38	72	57	75	75	65	85	92	94	25	55	44	-	-	-	-	-	-
Adem Bona	22	C		74	88	37	27	68	70	37	76	76	44	43	91	72	80	80	82	73	84	80	40	60	37	-	-	-	-	-	-
Quinten Post	25	C		74	94	80	81	86	62	33	52	71	48	40	63	69	75	65	47	70	80	80	60	50	40	  2 048 494	-	-	-	-	-
Derik Queen	20	C	PF	74	84	80	58	76	69	52	57	77	62	46	57	78	65	70	54	73	85	80	60	60	70	  6 889 200	  7 233 720	  7 578 240	  9 639 522	-	-
Khaman Maluach	19	C		74	75	66	50	76	81	63	72	65	43	83	85	71	85	80	48	70	85	80	35	75	40	  4 900 320	  5 145 360	  5 390 640	  7 983 539	-	-
Trayce Jackson-Davis	25	C	PF	73	88	70	44	59	63	58	67	80	65	40	74	78	80	85	79	63	85	80	25	50	40	  1 272 870	-	-	-	-	-
Chris Boucher	32	C	PF	73	90	81	79	78	76	37	67	76	38	43	72	74	85	80	57	80	89	77	30	60	50	  2 644 035	  2 776 237	-	-	-	-
Kevin Love	37	C	PF	73	95	73	80	70	69	50	70	90	58	78	52	72	70	50	60	80	60	77	45	50	50	-	-	-	-	-	-
Noah Clowney	21	C	PF	73	49	69	75	84	68	57	47	65	54	38	60	72	80	80	64	64	90	80	60	55	65	  1 275 000	  1 147 500	  1 032 750	   929 475	   836 528	-
Richaun Holmes	31	C		73	90	70	62	83	75	40	78	81	47	31	81	82	75	75	57	82	80	82	40	50	40	  1 272 870	-	-	-	-	-
Dwight Powell	34	C		73	92	69	78	62	74	45	68	61	55	46	73	70	75	65	71	80	90	83	45	65	83	-	-	-	-	-	-
Thomas Bryant	28	C		73	95	85	74	83	63	40	70	75	44	42	76	70	75	65	62	80	88	82	45	45	37	  1 272 870	-	-	-	-	-
Luka Garza	26	C		73	94	74	71	68	54	30	94	57	45	32	42	69	60	45	40	69	80	80	85	30	59	-	-	-	-	-	-
Tony Bradley	27	C		73	90	66	26	67	72	35	86	85	42	36	85	78	75	60	51	82	80	80	50	55	65	-	-	-	-	-	-
Charles Bassey	24	C		72	92	69	62	64	77	57	92	89	43	46	93	70	75	75	67	66	80	80	35	60	40	  2 500 000	-	-	-	-	-
Paul Reed	26	C	PF	72	79	85	73	79	69	43	63	64	48	79	84	69	80	75	49	84	80	80	40	40	64	  8 197 750	  9 017 525	  9 919 278	-	-	-
James Wiseman	24	C		72	94	67	57	70	74	50	75	84	54	31	71	70	75	75	67	70	77	87	40	60	40	-	-	-	-	-	-
Duop Reath	29	C		72	85	68	75	80	62	37	69	52	43	41	67	68	50	60	59	73	83	80	65	45	68	-	-	-	-	-	-
Christian Wood	30	C	PF	72	82	71	73	77	60	47	51	77	42	35	72	82	90	85	56	74	93	83	40	40	65	  2 392 425	  2 512 046	-	-	-	-
Meyers Leonard	32	C	PF	72	86	80	81	84	70	43	76	85	34	35	55	70	70	70	43	65	76	80	55	60	45	  1 703 429	-	-	-	-	-
Dewayne Dedmon	36	C		72	94	74	73	67	79	48	67	90	38	38	82	67	60	60	44	80	77	80	45	75	69	  1 300 000	-	-	-	-	-
Zeke Nnaji	24	C	PF	72	71	76	76	62	72	54	56	49	39	59	87	77	80	70	77	70	80	83	45	50	69	-	-	-	-	-	-
Orlando Robinson	25	C		72	75	69	76	80	62	36	80	71	47	38	61	70	70	60	49	70	80	77	35	60	38	-	-	-	-	-	-
Xavier Tillman	26	C		72	86	68	62	45	74	66	51	72	51	49	57	73	75	65	46	72	82	80	45	65	46	-	-	-	-	-	-
Jericho Sims	26	C		71	60	69	26	52	66	40	84	79	32	35	62	64	80	89	80	65	85	80	40	40	40	-	-	-	-	-	-
Trey Jemison	25	C		71	83	50	29	39	71	37	78	65	42	66	76	60	75	75	55	76	90	82	50	65	40	-	-	-	-	-	-
Thomas Sorber	19	C		71	75	70	60	72	69	58	68	69	61	62	75	70	75	75	59	72	85	80	45	60	44	  2 763 960	  2 902 080	  3 040 320	  5 487 778	-	-
Yang Hansen	20	C		70	70	66	66	67	69	40	71	67	50	36	66	60	75	70	47	65	85	80	50	45	50	  2 783 880	  2 923 560	  3 062 640	  5 528 065	-	-
Maxime Raynaud	22	C		70	76	74	76	77	59	32	65	67	47	47	65	68	70	70	67	63	80	80	50	45	48	  1 272 870	  2 411 090	  2 707 612	-	-	-
Yanic Konan Niederhauser	22	C		69	74	62	40	66	70	48	69	54	38	42	79	70	85	80	73	64	85	80	35	50	47	  1 272 870	  2 411 090	  2 707 612	-	-	-
Moussa Cisse	23	C		68	67	44	25	48	69	44	81	74	37	52	86	67	80	80	59	68	80	82	25	40	40	-	-	-	-	-	-
Rocco Zikarsky	19	C		68	70	50	39	62	68	52	70	70	39	48	74	57	75	65	48	65	80	80	50	50	54	-	-	-	-	-	-
Dylan Cardwell	23	C		68	62	60	37	40	75	44	73	73	48	36	78	74	85	80	51	82	80	80	50	60	37	  1 272 870	  2 411 090	  2 707 612	-	-	-
Vladislav Goldin	24	C		68	70	68	66	73	66	45	69	65	46	35	67	60	75	65	33	70	80	80	50	50	63	-	-	-	-	-	-
Hunter Dickinson	24	C		68	78	70	69	73	67	52	70	79	49	30	60	62	70	65	37	74	80	80	40	50	54	-	-	-	-	-	-
Ulrich Chomche	19	C	PF	68	62	59	58	50	64	44	69	68	55	53	74	62	80	75	84	68	85	80	25	40	40	  2 191 897	  2 461 462	-	-	-	-
